914
364
682
752
719
140
281
661
428
99
912
252
921
92
814
370
605
396
239
509
907
58
110
643
905
791
381
705
767
255
461
897
393
934
616
804
210
181
7
510
375
420
163
752
739
964
990
478
781
341
102
32
423
586
159
606
21
437
109
515
90
994
722
317
297
976
551
802
53
346
529
381
582
746
720
484
712
894
366
137
739
771
243
32
629
266
550
31
515
651
954
245
921
145
215
522
364
645
761
444
78
594
953
681
339
874
291
874
545
548
729
55
515
275
363
973
667
202
219
595
669
191
544
486
847
326
989
736
191
711
364
584
15
739
168
927
448
158
932
448
750
457
533
187
65
336
21
2
663
263
164
504
868
430
898
745
880
718
71
139
430
676
417
852
723
838
465
149
478
187
191
17
938
969
577
708
598
561
853
703
78
604
185
28
991
151
697
749
868
140
263
955
234
127
246
533
666
831
402
549
275
704
517
120
362
456
931
230
137
172
25
94
313
429
879
280
42
601
813
16
163
378
202
802
954
354
36
694
644
440
926
412
722
782
897
706
701
767
125
273
345
739
950
883
557
7
884
252
35
783
80
666
534
769
667
283
84
202
670
557
764
303
740
256
746
242
767
79
108
929
575
987
599
164
251
964
896
944
371
92
123
7
319
482
335
23
129
833
459
189
812
127
676
369
918
244
575
332
155
83
490
108
262
116
303
919
968
172
660
693
787
643
989
686
616
228
918
308
564
814
702
862
246
69
43
538
779
842
253
644
81
540
59
806
666
222
470
529
24
283
29
326
849
220
475
387
839
207
296
576
502
857
916
409
461
831
272
555
998
723
391
292
208
940
112
319
947
157
533
307
936
260
882
545
787
642
467
125
419
81
64
142
338
460
634
517
491
22
493
151
982
925
184
330
741
381
79
441
372
774
423
345
777
764
905
956
835
519
29
913
372
929
559
517
883
829
15
486
2
36
784
432
482
260
662
428
575
752
808
416
999
908
889
740
386
895
937
578
980
781
787
559
573
563
274
482
174
976
290
586
622
932
647
524
465
970
205
797
697
178
106
144
606
585
68
89
833
199
578
614
947
458
562
717
283
90
529
418
527
65
457
670
539
555
741
461
228
635
295
354
832
704
533
634
873
501
305
215
128
917
38
468
449
716
255
177
918
729
381
888
841
0
229
33
329
918
855
331
771
328
534
154
347
235
435
711
812
735
228
161
186
485
241
8
677
140
978
423
79
869
791
466
160
278
228
522
45
819
137
664
412
26
894
57
395
726
240
965
445
721
68
420
35
287
179
87
43
262
443
424
824
388
38
811
472
77
434
897
557
727
570
76
657
262
231
651
320
617
995
959
740
469
228
422
281
657
511
305
176
346
588
682
193
212
384
2
767
605
881
442
137
901
704
157
316
39
41
430
300
524
158
681
789
34
108
269
820
124
419
30
160
418
471
534
981
131
992
114
344
693
601
823
294
770
628
618
873
980
472
210
253
177
636
250
235
235
171
719
798
920
707
662
33
554
394
697
763
863
87
48
366
641
822
202
863
555
201
678
104
742
580
806
983
608
76
870
961
623
271
427
824
728
157
150
526
403
293
65
171
364
372
610
664
308
413
593
342
149
528
707
944
666
837
956
579
590
405
31
12
706
220
421
431
681
132
760
57
979
367
759
415
395
697
839
794
466
584
476
480
241
689
120
606
693
893
488
64
327
620
967
781
414
608
846
790
617
422
88
977
685
969
424
58
335
967
590
343
384
827
657
108
692
716
514
949
512
584
749
300
387
830
358
438
821
879
946
669
577
355
332
58
601
732
776
43
243
313
357
485
681
116
375
236
160
818
64
97
974
188
276
128
898
542
284
612
113
650
297
649
557
144
802
242
12
957
403
964
173
505
357
785
418
351
666
379
980
863
160
306
747
936
717
775
980
203
431
318
808
279
297
581
509
493
695
628
195
246
807
592
735
617
857
256
439
57
972
153
284
103
305
82
222
773
5
502
438
992
543
142
230
692
897
301
592
445
102
721
446
386
707
650
912
940
754
663
972
329
1
105
382
150
250
550
673
361
783
499
698
856
125
670
221
451
589
592
673
489
283
922
366
481
588
837
120
151
403
82
471
24
838
806
386
207
390
72
659
343
73
42
996
805
402
167
118
75
642
393
77
912
178
271
391
340
491
101
524
727
697
702
708
217
305
181
86
544
404
116
689
849
200
884
817
446
519
510
968
614
584
266
590
399
177
442
576
105
69
166
602
606
396
882
123
888
572
104
75
225
144
370
122
